1014.000000      300.000000       18.639603
124.000000       299.649994       18.581881       -2       0.0
810.000000       301.688812       15.306260       -2       0.0
1541.000000       304.554108       11.983490       -2       0.0
3178.000000       312.274994       6.763110       -2       0.0
4437.000000       317.874908       4.150190       -2       0.0
5887.000000       324.860199       2.425350       -2       0.0
7596.000000       332.584595       1.115350       -2       0.0
9690.000000       339.612091       0.329240       -2       0.0
10949.000000       342.898590       0.137120       -2       0.0
12418.000000       346.450989       0.042820       -2       0.0
14203.000000       353.928986       0.010630       -2       0.0
16590.000000       383.267212       0.005320       -2       0.0
20726.000000       494.151886       0.040660       -2       0.0
40000.000000       1010.880981       0.000000       -2       0.0
